&INDATA
! This file created by simsopt on March 31 2022, 23:45:06

! ---- Geometric parameters ----
NFP = 4
LASYM = F

! ---- Resolution parameters ----
MPOL = 5
NTOR = 5
NTHETA = 16
NZETA = 14
NS_ARRAY    =      16    31
NITER_ARRAY =     500  1500
FTOL_ARRAY  = 1.0E-12 1e-13

! ---- Boundary toroidal flux ----
PHIEDGE = 48.30851287408337

! ---- Pressure profile specification ----
PMASS_TYPE = "power_series"
AM = 704957.7189599999 -704957.7189600033 2.882006810978055e-08 -8.387723937630653e-08 1.1030351743102074e-07 -704957.7189600652 704957.7189600138 
PRES_SCALE = 1.0

! ---- Profile specification of iota or current ----
NCURR = 1
CURTOR = -770707.2784073513
PCURR_TYPE = "cubic_spline_ip"
AC = -565.122002 1073086.32 -11502848.6 94687675.7 -485935665.0 1512005950.0 -2928528890.0 3565184740.0 -2655246940.0 1104717760.0 -196454275.0 
AC_AUX_S = 0.0 0.02040816326530612 0.04081632653061224 0.061224489795918366 0.08163265306122448 0.1020408163265306 0.12244897959183673 0.14285714285714285 0.16326530612244897 0.18367346938775508 0.2040816326530612 0.22448979591836732 0.24489795918367346 0.26530612244897955 0.2857142857142857 0.3061224489795918 0.32653061224489793 0.3469387755102041 0.36734693877551017 0.3877551020408163 0.4081632653061224 0.42857142857142855 0.44897959183673464 0.4693877551020408 0.4897959183673469 0.5102040816326531 0.5306122448979591 0.5510204081632653 0.5714285714285714 0.5918367346938775 0.6122448979591836 0.6326530612244897 0.6530612244897959 0.673469387755102 0.6938775510204082 0.7142857142857142 0.7346938775510203 0.7551020408163265 0.7755102040816326 0.7959183673469387 0.8163265306122448 0.836734693877551 0.8571428571428571 0.8775510204081632 0.8979591836734693 0.9183673469387754 0.9387755102040816 0.9591836734693877 0.9795918367346939 1.0 0.0 0.0 0.0 0.0 0.0 0.0 0.0 0.0 0.0 0.0 0.0 0.0 0.0 0.0 0.0 0.0 0.0 0.0 0.0 0.0 0.0 0.0 0.0 0.0 0.0 0.0 0.0 0.0 0.0 0.0 0.0 0.0 0.0 0.0 0.0 0.0 0.0 0.0 0.0 0.0 0.0 0.0 0.0 0.0 0.0 0.0 0.0 0.0 0.0 0.0 0.0 
AC_AUX_F = -283521.73427712056 -321155.62342222256 -356108.11137243896 -388609.84259795124 -418891.4615689409 -447183.61275558954 -473716.94062807894 -498722.08965659054 -522429.7043113058 -545070.4290624062 -566874.9083800737 -588073.7867344895 -608897.7085958355 -629577.3184342929 -650343.2607200436 -671426.1799232691 -693056.7205141507 -715465.5269628703 -738883.2437396091 -763540.5153145491 -789667.9861578715 -817496.3007397583 -847256.1035303905 -879178.0389999504 -913492.7516186188 -950401.3130971245 -989424.6216787719 -1029403.402139442 -1069148.8064955617 -1107471.9867635593 -1143184.0949598614 -1175096.2831008958 -1202019.7032030907 -1222765.5072828725 -1236144.8473566698 -1240968.875440909 -1236048.7435520184 -1220195.6037064253 -1192220.6079205568 -1150934.9082108408 -1095149.656593705 -1023676.0050855764 -935325.1057028824 -828908.1104620511 -703236.1713795105 -557120.4404716863 -389372.06975500705 -198802.21124590002 15777.983039207056 255557.36108388682 

! ---- Other numerical parameters ----
DELT = 0.9
NSTEP = 200

! ---- Boundary shape. Array index order is (n, m) ----
RBC(   0,   0) =  1.118504290679783e+01,    ZBS(   0,   0) =  0.000000000000000e+00
RBC(   1,   0) =  1.354985408027294e+00,    ZBS(   1,   0) =  1.202732743905797e+00
RBC(  -1,   1) = -4.607920272083583e-01,    ZBS(  -1,   1) =  7.617636397670469e-01
RBC(   0,   1) =  1.657841782854306e+00,    ZBS(   0,   1) =  1.955409952331256e+00
RBC(   1,   1) = -1.079648255423185e-01,    ZBS(   1,   1) = -1.332408991826103e-01
/
