&INDATA

! ---- Geometric parameters ----
NFP = 2
LASYM = F

! ---- Resolution parameters ----
MPOL = 3
NTOR = 3
NTHETA = 16
NZETA = 14
NS_ARRAY    =     16     31
NITER_ARRAY =    500   1500
FTOL_ARRAY  =  1e-12  1e-13

! ---- Boundary toroidal flux ----
PHIEDGE = 50.87408552328182

! ---- Pressure profile specification ----
PMASS_TYPE = "power_series"
AM = 704957.7189599999 -704957.7189600033 2.882006810978055e-08 -8.387723937630653e-08 1.1030351743102074e-07 -704957.7189600652 704957.7189600138 
PRES_SCALE = 1.0

! ---- Profile specification of iota or current ----
NCURR = 1
CURTOR = -164400.6292855871
PCURR_TYPE = "cubic_spline_ip"
AC = -565.122002 1073086.32 -11502848.6 94687675.7 -485935665.0 1512005950.0 -2928528890.0 3565184740.0 -2655246940.0 1104717760.0 -196454275.0 
AC_AUX_S = 0.0 0.02040816326530612 0.04081632653061224 0.061224489795918366 0.08163265306122448 0.1020408163265306 0.12244897959183673 0.14285714285714285 0.16326530612244897 0.18367346938775508 0.2040816326530612 0.22448979591836732 0.24489795918367346 0.26530612244897955 0.2857142857142857 0.3061224489795918 0.32653061224489793 0.3469387755102041 0.36734693877551017 0.3877551020408163 0.4081632653061224 0.42857142857142855 0.44897959183673464 0.4693877551020408 0.4897959183673469 0.5102040816326531 0.5306122448979591 0.5510204081632653 0.5714285714285714 0.5918367346938775 0.6122448979591836 0.6326530612244897 0.6530612244897959 0.673469387755102 0.6938775510204082 0.7142857142857142 0.7346938775510203 0.7551020408163265 0.7755102040816326 0.7959183673469387 0.8163265306122448 0.836734693877551 0.8571428571428571 0.8775510204081632 0.8979591836734693 0.9183673469387754 0.9387755102040816 0.9591836734693877 0.9795918367346939 1.0 0.0 0.0 0.0 0.0 0.0 0.0 0.0 0.0 0.0 0.0 0.0 0.0 0.0 0.0 0.0 0.0 0.0 0.0 0.0 0.0 0.0 0.0 0.0 0.0 0.0 0.0 0.0 0.0 0.0 0.0 0.0 0.0 0.0 0.0 0.0 0.0 0.0 0.0 0.0 0.0 0.0 0.0 0.0 0.0 0.0 0.0 0.0 0.0 0.0 0.0 0.0 
AC_AUX_F = -27699.889101618865 -47163.700268121436 -65592.4735073818 -83001.20314387033 -99404.88350205742 -114818.50890641345 -129257.07368140887 -142735.57215151403 -155268.9986411993 -166872.34747493506 -177560.61297719172 -187348.78947243973 -196251.87128514945 -204284.85273979118 -211462.72816083545 -217800.4918727526 -223313.13820001297 -228015.66146708696 -231923.05599844505 -235050.3161185575 -237412.4361518948 -239024.4104229273 -239901.2332561254 -240057.89897595954 -239509.40190690002 -238270.30939493646 -236345.36828100015 -233729.50490096374 -230417.21861221932 -226403.0087721589 -221681.37473817452 -216246.81586765806 -210093.8315180016 -203216.92104659713 -195610.58381083672 -187269.31916811233 -178187.6264758159 -168360.00509133947 -157780.95437207507 -146444.97367541472 -134346.56235875044 -121480.21977947411 -107840.4452949778 -93421.73826265357 -78218.59803989348 -62225.52398408931 -45437.0154526332 -27847.57180291715 -9451.69239233316 9756.123421726772 

! ---- Other numerical parameters ----
DELT = 0.9
NSTEP = 200

! ---- Boundary shape. Array index order is (n, m) ----
RBC(   0,   0) =  1.113616556997915e+01,    ZBS(   0,   0) =  0.000000000000000e+00
RBC(   1,   0) =  1.428562893892773e+00,    ZBS(   1,   0) = -1.742820959329071e+00
RBC(  -1,   1) =  1.905857753747203e-01,    ZBS(  -1,   1) =  2.263626027104152e-01
RBC(   0,   1) =  1.508512809374781e+00,    ZBS(   0,   1) =  2.805614074424146e+00
RBC(   1,   1) = -1.006978244448332e+00,    ZBS(   1,   1) =  1.356894352000084e+00
RBC(   2,   1) = -4.684601136518770e-02,    ZBS(   2,   1) =  8.261525250313000e-02
/

