&INDATA
! This file created by simsopt on March 05 2024, 17:53:56

! ---- Geometric parameters ----
NFP = 4
LASYM = F

! ---- Resolution parameters ----
MPOL = 3
NTOR = 3
NTHETA = 16
NZETA = 14
NS_ARRAY    =     16     31
NITER_ARRAY =    500   1500
FTOL_ARRAY  =  1e-12  1e-13

! ---- Boundary toroidal flux ----
PHIEDGE = 48.07808967360433

! ---- Pressure profile specification ----
PMASS_TYPE = "power_series"
AM = 720979.4853000006 -720979.4853000118 9.202631190419197e-08 -2.9310467652976513e-07 4.507601261138916e-07 -720979.4853003353 720979.4853000971 
PRES_SCALE = 1.0

! ---- Profile specification of iota or current ----
NCURR = 1
CURTOR = -799821.4176722192
PCURR_TYPE = "cubic_spline_ip"
AC = -565.122002 1073086.32 -11502848.6 94687675.7 -485935665.0 1512005950.0 -2928528890.0 3565184740.0 -2655246940.0 1104717760.0 -196454275.0 
AC_AUX_S = 0.0 0.02040816326530612 0.04081632653061224 0.061224489795918366 0.08163265306122448 0.1020408163265306 0.12244897959183673 0.14285714285714285 0.16326530612244897 0.18367346938775508 0.2040816326530612 0.22448979591836732 0.24489795918367346 0.26530612244897955 0.2857142857142857 0.3061224489795918 0.32653061224489793 0.3469387755102041 0.36734693877551017 0.3877551020408163 0.4081632653061224 0.42857142857142855 0.44897959183673464 0.4693877551020408 0.4897959183673469 0.5102040816326531 0.5306122448979591 0.5510204081632653 0.5714285714285714 0.5918367346938775 0.6122448979591836 0.6326530612244897 0.6530612244897959 0.673469387755102 0.6938775510204082 0.7142857142857142 0.7346938775510203 0.7551020408163265 0.7755102040816326 0.7959183673469387 0.8163265306122448 0.836734693877551 0.8571428571428571 0.8775510204081632 0.8979591836734693 0.9183673469387754 0.9387755102040816 0.9591836734693877 0.9795918367346939 1.0 0.0 0.0 0.0 0.0 0.0 0.0 0.0 0.0 0.0 0.0 0.0 0.0 0.0 0.0 0.0 0.0 0.0 0.0 0.0 0.0 0.0 0.0 0.0 0.0 0.0 0.0 0.0 0.0 0.0 0.0 0.0 0.0 0.0 0.0 0.0 0.0 0.0 0.0 0.0 0.0 0.0 0.0 0.0 0.0 0.0 0.0 0.0 0.0 0.0 0.0 0.0 
AC_AUX_F = -249231.55748046414 -283396.8348167383 -316405.45528350625 -348369.3029455208 -379400.2618675353 -409610.2161143024 -439111.0497505757 -468014.6468411079 -496432.89145065215 -524477.6676439616 -552260.8594857892 -579894.3510408882 -607490.0263740116 -635159.7695499125 -663015.464633344 -691168.995689059 -719732.2467818107 -748817.101976352 -778535.4453374364 -808999.1609298165 -840320.1328182458 -872610.245067477 -905981.3817422633 -940545.426907358 -976414.2646275138 -1013676.4978685457 -1051885.2643206886 -1090058.236398598 -1127189.8054179898 -1162274.3626945815 -1194306.29954409 -1222280.0072822315 -1245189.8772247233 -1262030.300687282 -1271795.6689856248 -1273480.3734354677 -1266078.8053525283 -1248585.356052523 -1219994.4168511685 -1179300.379064182 -1125497.6340072805 -1057580.5729961798 -974543.5873465975 -875381.06837425 -759087.4073948554 -624656.9957241283 -471084.2246777868 -297363.48557154764 -102489.16972112747 114544.33155775687 

! ---- Other numerical parameters ----
DELT = 0.9
NSTEP = 200

! ---- Boundary shape. Array index order is (n, m) ----
RBC(   0,   0) =  1.119333830382112e+01,    ZBS(   0,   0) =  0.000000000000000e+00
RBC(   1,   0) =  1.318065137813921e+00,    ZBS(   1,   0) =  1.263048306804393e+00
RBC(  -1,   1) = -7.476150057513291e-01,    ZBS(  -1,   1) =  7.486797419593255e-01
RBC(   0,   1) =  1.741474609103417e+00,    ZBS(   0,   1) =  1.989029607357680e+00
RBC(   1,   1) =  2.941370446801004e-02,    ZBS(   1,   1) =  3.149533451855040e-02
/

