&INDATA
! This file created by simsopt on March 05 2024, 20:46:06

! ---- Geometric parameters ----
NFP = 4
LASYM = F

! ---- Resolution parameters ----
MPOL = 5
NTOR = 5
NTHETA = 16
NZETA = 14
NS_ARRAY    =     16     31
NITER_ARRAY =    500   4000
FTOL_ARRAY  =  1e-12  1e-14

! ---- Boundary toroidal flux ----
PHIEDGE = 48.17486121630746

! ---- Pressure profile specification ----
PMASS_TYPE = "power_series"
AM = 720979.4853000001 -720979.4852999967 -5.609035724774003e-08 2.428132575005293e-07 -4.646717570722103e-07 -720979.4852995821 720979.4852998563 
PRES_SCALE = 1.0

! ---- Profile specification of iota or current ----
NCURR = 1
CURTOR = -368261.90090024413
PCURR_TYPE = "cubic_spline_ip"
AC = -565.122002 1073086.32 -11502848.6 94687675.7 -485935665.0 1512005950.0 -2928528890.0 3565184740.0 -2655246940.0 1104717760.0 -196454275.0 
AC_AUX_S = 0.0 0.02040816326530612 0.04081632653061224 0.061224489795918366 0.08163265306122448 0.1020408163265306 0.12244897959183673 0.14285714285714285 0.16326530612244897 0.18367346938775508 0.2040816326530612 0.22448979591836732 0.24489795918367346 0.26530612244897955 0.2857142857142857 0.3061224489795918 0.32653061224489793 0.3469387755102041 0.36734693877551017 0.3877551020408163 0.4081632653061224 0.42857142857142855 0.44897959183673464 0.4693877551020408 0.4897959183673469 0.5102040816326531 0.5306122448979591 0.5510204081632653 0.5714285714285714 0.5918367346938775 0.6122448979591836 0.6326530612244897 0.6530612244897959 0.673469387755102 0.6938775510204082 0.7142857142857142 0.7346938775510203 0.7551020408163265 0.7755102040816326 0.7959183673469387 0.8163265306122448 0.836734693877551 0.8571428571428571 0.8775510204081632 0.8979591836734693 0.9183673469387754 0.9387755102040816 0.9591836734693877 0.9795918367346939 1.0 0.0 0.0 0.0 0.0 0.0 0.0 0.0 0.0 0.0 0.0 0.0 0.0 0.0 0.0 0.0 0.0 0.0 0.0 0.0 0.0 0.0 0.0 0.0 0.0 0.0 0.0 0.0 0.0 0.0 0.0 0.0 0.0 0.0 0.0 0.0 0.0 0.0 0.0 0.0 0.0 0.0 0.0 0.0 0.0 0.0 0.0 0.0 0.0 0.0 0.0 0.0 
AC_AUX_F = -87288.38919613993 -185770.10333089624 -261091.43314143407 -315103.1367555702 -349655.97230112134 -366600.6979059041 -367788.0716977357 -355068.8518044324 -330293.79635381146 -295313.6634736892 -251979.21129188244 -202141.19793620816 -147650.3815344829 -90357.52021452367 -32113.372104146943 25231.304668830224 79825.75197659139 129829.16612580192 173516.46372398356 209237.2196372755 235342.25303612693 250182.3830909871 252108.42897230535 239471.2098505308 210621.54489611273 163997.63249706465 100047.39304537597 21228.46893701135 -69914.1182144997 -170835.3467956276 -278990.19519284274 -391833.64179261704 -506820.6649814202 -621404.7817379156 -732951.8245723092 -838691.7150686971 -935842.6835487173 -1021622.9603340051 -1093250.775746197 -1147944.3601069285 -1182921.9437378368 -1195401.756960558 -1182602.030096728 -1141740.9934679829 -1070036.8773959593 -964707.9122022935 -822972.3282086215 -642048.3557365793 -419154.2251078033 -151508.16664392978 

! ---- Other numerical parameters ----
DELT = 0.9
NSTEP = 200

! ---- Boundary shape. Array index order is (n, m) ----
RBC(   0,   0) =  1.258568927941798e+01,    ZBS(   0,   0) =  0.000000000000000e+00
RBC(   1,   0) = -3.515047398934610e-01,    ZBS(   1,   0) = -3.408571930155990e-01
RBC(  -1,   1) = -1.292754574389487e+00,    ZBS(  -1,   1) =  1.193644073132482e+00
RBC(   0,   1) =  2.129017131394082e+00,    ZBS(   0,   1) =  2.119630120868119e+00
RBC(   1,   1) =  5.084576050036066e-02,    ZBS(   1,   1) =  4.698825816493648e-02
/

