&INDATA
! This file created by simsopt on March 05 2024, 20:46:12

! ---- Geometric parameters ----
NFP = 2
LASYM = F

! ---- Resolution parameters ----
MPOL = 5
NTOR = 5
NTHETA = 16
NZETA = 14
NS_ARRAY    =     16     31
NITER_ARRAY =    500   4000
FTOL_ARRAY  =  1e-12  1e-14

! ---- Boundary toroidal flux ----
PHIEDGE = 51.685039128521005

! ---- Pressure profile specification ----
PMASS_TYPE = "power_series"
AM = 720979.4853000001 -720979.4852999967 -5.609035724774003e-08 2.428132575005293e-07 -4.646717570722103e-07 -720979.4852995821 720979.4852998563 
PRES_SCALE = 1.0

! ---- Profile specification of iota or current ----
NCURR = 1
CURTOR = -2736151.2099904325
PCURR_TYPE = "cubic_spline_ip"
AC = -565.122002 1073086.32 -11502848.6 94687675.7 -485935665.0 1512005950.0 -2928528890.0 3565184740.0 -2655246940.0 1104717760.0 -196454275.0 
AC_AUX_S = 0.0 0.02040816326530612 0.04081632653061224 0.061224489795918366 0.08163265306122448 0.1020408163265306 0.12244897959183673 0.14285714285714285 0.16326530612244897 0.18367346938775508 0.2040816326530612 0.22448979591836732 0.24489795918367346 0.26530612244897955 0.2857142857142857 0.3061224489795918 0.32653061224489793 0.3469387755102041 0.36734693877551017 0.3877551020408163 0.4081632653061224 0.42857142857142855 0.44897959183673464 0.4693877551020408 0.4897959183673469 0.5102040816326531 0.5306122448979591 0.5510204081632653 0.5714285714285714 0.5918367346938775 0.6122448979591836 0.6326530612244897 0.6530612244897959 0.673469387755102 0.6938775510204082 0.7142857142857142 0.7346938775510203 0.7551020408163265 0.7755102040816326 0.7959183673469387 0.8163265306122448 0.836734693877551 0.8571428571428571 0.8775510204081632 0.8979591836734693 0.9183673469387754 0.9387755102040816 0.9591836734693877 0.9795918367346939 1.0 0.0 0.0 0.0 0.0 0.0 0.0 0.0 0.0 0.0 0.0 0.0 0.0 0.0 0.0 0.0 0.0 0.0 0.0 0.0 0.0 0.0 0.0 0.0 0.0 0.0 0.0 0.0 0.0 0.0 0.0 0.0 0.0 0.0 0.0 0.0 0.0 0.0 0.0 0.0 0.0 0.0 0.0 0.0 0.0 0.0 0.0 0.0 0.0 0.0 0.0 0.0 
AC_AUX_F = -1085951.1148597316 -1422878.5180607934 -1718854.7077724247 -1976851.6821610744 -2199841.439393194 -2390795.977635232 -2552687.2950536404 -2688487.389814867 -2801168.2600853643 -2893701.90403158 -2969060.3198199645 -3030215.5056169694 -3080139.4595890427 -3121804.1799026374 -3158181.6647242005 -3192243.9122201833 -3226962.920557036 -3265121.363327548 -3307301.015955701 -3352663.7195630255 -3400347.649699342 -3449490.9819144695 -3499231.8917582305 -3548708.554780446 -3597059.146530934 -3643374.2583208247 -3685650.043971263 -3720788.2198134265 -3745642.917939795 -3757068.270442848 -3751918.409415064 -3727047.4669489237 -3679309.5751369055 -3605588.3832565667 -3504538.571690002 -3377559.919031347 -3226288.3413553378 -3052359.7547367155 -2857410.0752502196 -2643075.2189705903 -2410991.1019725637 -2162793.6403308813 -1900118.7501202822 -1624602.347415506 -1337880.3482912923 -1041588.6688223783 -737363.2250835047 -426839.93314941076 -111654.70909483543 206556.5310054817 

! ---- Other numerical parameters ----
DELT = 0.9
NSTEP = 200

! ---- Boundary shape. Array index order is (n, m) ----
RBC(   0,   0) =  1.108311096638891e+01,    ZBS(   0,   0) =  0.000000000000000e+00
RBC(   1,   0) =  1.128681022469556e+00,    ZBS(   1,   0) = -1.441029944267891e+00
RBC(  -1,   1) =  2.915781615409312e-02,    ZBS(  -1,   1) =  6.503849239719540e-02
RBC(   0,   1) =  1.810059388372439e+00,    ZBS(   0,   1) =  2.125323443368911e+00
RBC(   1,   1) = -9.144765891491777e-01,    ZBS(   1,   1) =  1.029173979582262e+00
RBC(   2,   1) = -4.684601136518770e-02,    ZBS(   2,   1) =  8.261525250313000e-02
/

